820222
-621450
-372684
-891881
885598
496451
273588
948243
-801466
-761629
-135502
-430878
200462
71668
835294
-923681
672035
-420897
-314337
122588
-137007
-287373
146298
-822914
-127551
-953522
-294029
267343
-839255
362284
305677
-931043
833996
-945341
359874
740206
-818583
339381
598492
-999062
576936
724331
-576115
-130778
-876468
753638
-227455
257536
113916
233372
857092
-30726
-864591
-738134
-339373
645133
-707745
-541175
-104629
-200771
-184452
-780258
371819
820607
68699
133126
-238492
-958342
499480
943450
821211
-80099
-394674
536126
-424830
-422955
716522
190896
718083
538973
-176368
-165103
-277051
-253123
-414441
844886
-720755
132998
-938155
978573
425882
204539
-874243
-471292
734419
486753
775513
453775
-723431
-637505
902833
-246235
783778
180856
172032
-136177
926004
-442285
-741550
-785261
310906
216951
-799582
-32760
-323297
-206898
214085
527566
-511682
830303
28612
-701257
-780750
-258268
-318900
-33184
284509
-253236
-886749
-554673
790447
-290065
-174153
-682685
259734
349747
873404
-751474
-506940
-872025
-369570
976441
705484
442888
-878522
884384
-178801
637098
-706421
845509
997103
-938461
-381064
-838228
-518353
-633968
713987
-559025
582196
-542668
-236582
983923
247409
236486
-425746
-972834
362529
-677471
-822087
-180812
-652136
-703036
-888096
549373
-395229
354704
-876045
406716
-643614
-372050
746637
-718451
230883
-506863
229622
-834648
957921
-400363
-902832
812297
-57516
928409
-899261
942846
268313
-570735
-378543
-566341
116182
-509503
-867862
-627049
973738
737469
-782003
731214
95259
-191444
988209
12105
-526655
985678
44743
-113115
-182404
-638751
-531983
-332804
-6408
456903
722813
-801549
559534
-240292
-450821
-398408
563529
856682
597115
406238
-673610
-151112
652179
-867677
-522814
-437858
679712
964227
805240
196562
156989
1168
-632857
-776707
-962555
721641
-1128
642315
734564
-192862
-416759
-718657
-847551
-38601
172379
-405121
-197893
-923954
-279328
-424641
379168
209519
-638254
-476351
-147527
531370
104405
-426283
43038
-576290
-294367
-27761
962882
346199
867414
313246
-955092
-725987
129878
918088
882304
-508868
-811043
-681814
-760394
837584
-644778
-534440
-94678
287282
-309178
-59100
-22898
-437406
-885082
-120889
-72938
-334094
-369553
837677
-681009
-293978
-635906
-613339
-882324
-384477
-164945
633192
625375
-979664
459803
679601
556316
409795
989839
653621
38366
-846785
203871
327571
-907770
987428
-444491
-865744
236604
514378
884822
-126622
150215
485804
-738688
-884342
-384298
370012
-937067
-45983
-832847
568699
923123
-645990
-631507
-622580
-189363
998950
-860171
-145503
-977965
377529
22623
697472
-817200
270342
-956615
-456781
771279
751406
972356
-966729
963847
765181
130926
963409
510205
-44766
-541455
-399214
-682802
-27107
-162836
-581549
347057
637140
-940151
121296
-590391
-209859
-768692
111599
922527
738233
984358
514884
-801593
683574
92786
-337647
127962
-625259
739389
254757
622093
854058
-934488
-362912
-641708
938435
724674
-435928
393393
-979079
306808
-466557
-594250
848057
-139255
59541
-593789
-4346
-493454
-639809
-87071
-157075
-358286
-141421
640627
318004
168595
-217618
-53912
358340
154406
-266084
608761
-617182
981163
261954
380897
759922
419987
-906676
34710
-367229
791351
-417043
-576623
-287002
-60050
-359344
459107
377359
603146
-827448
779435
699943
551746
700256
-895911
-492310
452167
185407
-537480
723057
126680
718931
-550911
-863598
-925476
-136107
107194
934644
-515506
438078
-804268
-121010
921193
-941013
-629401
-42532
504458
-840821
152506
512795
-145656
-736710
959965
-726017
-903834
-898221
969174
961302
280028
792155
195869
-730909
-710912
-984801
90481
-63278
-179787
698352
368816
-49205
-532792
874110
962118
421513
-884708
692765
-147315
-914288
-57953
-440627
-765289
190086
-434864
817801
498639
-484594
-485964
114289
-817128
782857
487719
855877
343257
663575
-49760
818298
-511294
-718870
643387
797486
702938
708197
-211343
-797032
188840
626077
-771052
542199
773884
-847941
211375
-560755
-220915
221937
-453542
-288242
-425031
907600
-481231
-364046
302152
472364
-440782
-157806
317331
-960081
210945
-335025
575049
257286
-730783
646391
-876779
749106
720746
279755
594916
103223
-452723
-397514
-709709
181146
538795
470638
-392599
526108
749793
-80882
-150871
-484255
468596
938915
-338887
918769
869604
342483
115140
-981219
-21457
958869
471874
-727389
-480630
473882
-428614
-347997
-80652
-498359
-768725
-823634
991921
-608467
-905633
470096
-422591
-85944
699925
-258200
-914431
339632
661454
-963989
317157
-541911
-949259
-197022
-489143
236977
683613
455285
398592
-808921
690831
150085
-262906
-659095
-860622
-787429
-858150
-603934
134367
-627907
-885952
920218
-30126
-699391
773007
598939
337080
19518
302217
901200
-189785
-268572
999724
-283311
390259
729606
69919
-305399
255728
234681
-43349
-777937
-282646
884164
-64195
159662
-23208
779223
-702340
-288437
-649911
-420227
-66405
-507286
-270619
810731
870952
551921
653391
142222
-599944
-47680
56788
760687
-230839
-57998
768499
-822202
-659842
-39965
-107824
-956498
982348
-605079
-963170
-311180
820229
-533972
945770
-132687
-535728
231653
342724
-274713
-734312
-216794
815588
-998344
-881958
-432901
-409168
-238604
925972
35459
-17510
617325
68777
-289501
423028
-323561
898554
-851881
-47095
-130945
607656
32426
634763
-99723
-722927
-503671
-821895
-293875
-945632
504230
-364328
-249463
-725548
856239
-636268
-402972
-468735
676521
489551
-604481
350656
-605747
-925562
686185
491079
719384
-167215
934849
154510
-646811
307600
426912
-835806
-69904
-186469
642631
-734209
129407
-398823
-659353
338948
-694934
42710
534805
-812772
-618593
-677677
234008
-194324
-326749
-807085
-677600
-409359
735435
-732978
255965
515448
-373487
-722956
732662
552310
-455498
-485168
-513659
848923
-579458
807350
-138032
60316
-22717
-790463
-832795
-80228
-896143
-165540
-264799
-44579
-413567
-398743
124209
151162
226639
925327
504109
200569
-4932
-821058
364635
-351423
-973147
-136554
470198
-975152
-698608
-335579
91107
-750597
-572745
-421713
-117667
765657
-502121
301720
-123619
-936517
-113162
-265443
704114
-244757
448766
-401798
-933467
-905137
-209961
728224
-591089
-452713
-618954
-140660
335115
-783033
-299335
713161
-422372
534833
139457
996043
-410577
-161340
-556183
96808
-104584
11943
821799
-521541
756649
436503
468285
690865
-482419
-629615
-982525
-559946
756075
24503
-755490
258880
-547768
226646
-707768
-147348
100278
-449601
-142910
284382
929994
-974061
315502
-24998
-742836
866538
396601
53171
12800
486907
446423
336911
-417585
150457
-148956
701663
306139
-856641
644531
352299
-896801
748887
828603
-14566
110947
-184566
-978448
628248
934730
-788772
-279738
-560225
-644579
-235794
-197476
-159079
-548488
-781832
312550
-262080
-301367
-177466
802878
-779042
156507
-592051
166475
152215
-286083
798982
-243626
466945
-4625
-185840
766557
833621
236150
923146
-443811
-550239
269362
-613910
209309
545099
126668
720004
702677
-914554
327967
615998
-171383
-872038
468907
345244
153656
-701715
-2422
-423042
-529576
800233
-54081
-582128
-135575
-415545
-140835
-224710
-453676
622438
612593
329003
-948018
731311
260873
18768
897375
235417
180207
-366933
-361760
568861
524352
362597
-670398
-129099
-390748
85685
537824
989607
-267828
-638118
-97523
-134157
-682704
769264
-347628
249257
-876312
913099
-331914
612661
-621121
-543376
374640
-926145
-612436
950599
440385
785594
-657346
-619282
957136
894271
-937874
561434
-288916
-584048
632360
-494721
-887272
-420565
-962779
350538
-205141
-483758
-694408
867077
-619477
810183
208752
281668
-533056
-975633
254860
888436
-485175
773729
705331
78971
-321575
842871
-391415
-799546
700625
-915096
-221818
130931
-416483
-283880
14168
-998169
823204
63793
-994545
383332
233774
-905895
708144
-523951
-822006
-465810
-800396
483482
-468114
702568
826884
-346518
373497
111733
487823
-748424
-794742
879934
148462
-377689
-154813
-487861
-269485
360713
-53866
197422
-479318
229686
-689023
167980
382655
695590
337449
-211406
306534
-733242
-361947
432098
-326288
-367265
12803
485023
-974229
4909
682542
-848764
-943044
281597
-894052
489378
-384167
-972537
524909
400066
809665
657729
-73169
77030
713889
-262004
-912498
502563
500646
-836326
-683228
-705709
603300
103844
-639949
-633741
436455
-412665
208054
-712580
-13028
348742
-710186
142777
368095
-902502
830588
527812
-711881
-709414
735489
556863
277266
-166193
-799419
209791
-180612
312264
423185
-131848
-698267
-926957
-561101
172056
827190
63600
-14287
-651251
-698774
-642631
76767
-503328
417456
271697
-118080
795854
-599842
148371
886933
-43830
-309974
377835
925596
710206
-571096
854730
-26800
674227
-787567
-318123
197309
-263137
-902325
-618204
-657306
504254
-761612
-664799
-629826
-376044
-658099
-993953
-652250
-732032
545781
955913
-138501
382347
816520
469057
-540732
59599
-709282
41369
561030
-331876
587331
-508550
815802
979406
398588
-504522
-490267
-760541
-592444
510356
952941
-577863
765527
831679
-835099
-17010
-117316
270650
-70269
421136
-680269
292679
484738
-740557
854960
-99649
-867048
731993
781449
-154664
521117
163548
-733051
178586
329297
819043
788705
-771726
-90986
-975531
-182166
-3807
679155
477088
754729
-918761
214628
-571222
499190
696235
965268
-607242
479071
-808037
223084
-732555
-948967
300603
-772538
-599160
683037
-640733
648881
-812924
568413
278319
181766
822735
58871
682169
113082
-866810
106
-124721
-900037
558406
-25461
525241
828539
308736
798438
-867667
131132
-405347
-577770
-860679
273409
-531039
997283
688641
503079
-11081
-92773
-313625
-456946
-917244
701987
891770
-296200
665472
-91908
-591349
5516
-104262
-909098
-490948
-446345
-422711
-64267
-360843
-566612
-846510
464043
110107
732528
130457
-941368
-658311
-923434
-176212
-659029
89272
-210284
902487
241313
854845
56342
-868978
-502136
178492
27897
257330
124803
633960
-647360
979551
-293064
624071
-326253
480044
-930359
418007
-328409
-65479
561913
476754
389449
-305380
153288
107121
-257488
-840624
650963
721695
-476922
161129
-766459
-941571
-593601
738750
-775802
-713960
721381
-864735
-850397
59
-334306
996850
296533
-956202
-44377
-260144
92242
622449
250750
381053
-138122
-368579
941276
146322
-651775
588993
-983657
-114538
-99391
-900073
-793678
666805
920678
332775
-159814
614960
3298
291556
673847
284418
-121531
918244
659103
986198
-245782
-299060
834013
-927087
-489351
-619475
345251
716137
846499
532337
758983
-473858
-783141
-693640
-588016
333307
390883
-781697
-968231
398674
-846186
-21931
181392
156050
945822
820460
-915127
-159499
-236485
-126573
-112416
-279022
-621413
139520
304123
725417
224165
246698
-22184
-934857
-162440
78515
-268610
-624261
-205893
770409
-165399
-404639
640644
-21401
-976554
941873
16312
892291
54067
-625530
-955337
802219
219917
-652836
-847266
288302
-847666
-443197
-679197
-799972
-747014
-494827
952338
-595298
100251
686702
890869
-3925
-974254
-112311
166129
569688
383808
-979195
-79698
164147
-645945
-428142
-492393
-660024
-921836
154712
883264
48879
328984
-878123
-946950
772740
-288748
-45410
119800
-348583
198804
648318
886359
-828547
992389
148864
621438
225340
-139624
-120925
-43675
-405254
852601
249998
-130069
627226
-911299
319488
385211
-925024
201468
577820
149958
716166
421980
-898226
-423356
745508
516494
734120
635533
-463509
582976
-96345
867744
-182661
334497
-263903
-594347
-537836
-760346
218679
-403655
722572
705420
-257862
-171957
965957
-496740
-930820
-658260
-486513
-698358
940285
841837
-560441
-564659
568768
-455300
-444128
-351626
450978
674311
571480
850804
-531616
266274
-639297
-146281
874367
670625
-859195
-295173
-452196
391905
-559186
-686989
807670
929084
275893
286691
-380204
667462
-962764
-33032
-614289
764840
185223
194863
876188
600250
-907220
917785
85149
886976
-784819
477763
571939
-762323
593496
940938
813426
-535072
-783875
340178
532293
709020
122241
428346
-657518
159037
460646
-319055
718397
-108330
-717192
792341
-509964
318282
-398108
-469590
-483999
-24776
-67510
-203880
934945
-35186
-423283
-485428
-751792
244856
-548152
545325
750587
716416
-316511
-977984
616683
-126121
-986043
-318808
358498
793757
91
86283
-979621
-850199
-235422
-857816
519565
-935456
333792
-198745
819154
-990558
630538
867215
73253
-116665
-909048
-446042
-514770
-828523
-282955
-235526
919732
346799
632843
647321
327463
-9044
302239
-952090
-614255
-644477
831675
223196
876720
-165822
-509051
-228531
284306
-991221
-99819
485462
204069
827966
-42477
-27318
-190578
500854
141250
393825
141158
640546
-17564
-760705
548872
873401
-722131
873487
-833477
670932
190246
142265
-330869
-27468
-821423
-417649
537657
-836655
-844107
-12239
34051
859577
910037
-584017
-687967
336896
-66692
235720
-128531
350604
-350901
-605489
880115
-550356
297866
-95878
473611
435878
-623506
765718
726024
-300287
-423005
-608291
-913377
275442
-371562
481574
-640802
202233
-190375
560610
-603815
250510
42630
-252654
-819086
-738197
782135
804046
-665981
930658
-541922
-119291
-680210
-897272
192304
-360305
-526919
140993
571822
-53978
-621939
979653
229796
607176
956798
564785
-901384
-40746
465006
573789
-621170
-172480
596131
-685598
481436
693007
360808
-259912
992824
-170212
86407
642486
760021
-282567
495833
-207536
711914
-157146
343147
903176
-869601
-310265
-418849
231697
696432
-356563
-632189
776457
-106786
-484789
515852
217772
685965
571670
-582124
607527
-451310
-329474
-259452
231655
521900
579824
-470351
754363
-717183
-899429
118405
-442307
-724632
650040
920499
-775707
504273
522583
789169
-278646
-469420
-89017
-410935
-845471
107610
790957
950383
750956
-265448
644344
-451050
-647325
901730
372432
-774592
174172
-497659
73926
-427996
-386237
-771081
-384390
-684787
-36939
-119613
-821574
-801141
-287479
75112
31046
465331
-236205
-895398
556250
996979
-239718
517477
-560761
921124
847136
74484
914983
-990188
361825
127069
851083
56205
72029
998487
178302
-468455
376151
-285436
-20037
373708
78767
-369377
485333
-203144
895658
66454
-706109
-812192
912232
152291
505350
925987
-368590
-555120
888933
281073
-442330
630409
-80387
-441369
2071
-235621
-946896
-792556
-669827
746717
-100481
-460974
217248
953298
-634448
-113047
-283937
-796590
423255
564385
198828
-168614
-607725
-847359
208018
998443
-961215
-957552
136754
-990828
842092
612735
872404
226873
667174
-368621
834515
-758046
-407537
-712904
988659
702400
-519351
-194384
-395007
443425
617381
-844311
-844187
449674
444093
565082
-261859
-105748
-377985
-792540
-142289
-667579
-481763
-426693
-826640
395444
33964
163918
850561
-660933
267464
504878
-635701
-219194
-35542
-432173
-377285
219991
479612
-330594
-780388
150220
-183453
-61543
-211108
-187924
56775
453162
266740
946106
-362047
106026
12189
906441
-1409
243498
-55395
-105556
-595229
901582
838363
-178298
-848120
697465
775820
858159
513542
6145
-672379
-57006
-873916
-172747
825708
-875559
-608958
124513
493128
324161
-104123
433827
-337032
-313935
300733
-808791
-349051
-54729
-269282
-771306
878743
217383
-42584
-379430
50513
-315640
378418
-572069
105971
856222
-240647
-783948
124105
952555
-999627
-605065
-992403
-484399
-51386
900654
646662
926592
-177186
-781721
-857006
-317350
447149
-910121
-560308
50324
106356
904119
-524431
-89955
544742
801588
-970213
835708
883461
610611
-270449
-202027
-236347
-795680
-272302
244226
-6672
-300473
451035
224319
-285961
204922
829709
-397573
-823640
184598
-419352
998961
52675
219210
-338129
-725014
-795157
398566
-260959
-753073
672891
465308
166033
-17760
599004
-369070
-134777
22113
626967
-832783
806801
118227
603039
370532
181381
-491257
-944406
-901730
688539
835755
919556
39313
768097
726032
-942853
92409
-960464
457622
-688415
458488
-575625
-127292
482400
789483
297560
40798
-173740
-556772
-905730
24154
169142
718041
-901938
57191
29941
-728736
153654
1416
703249
95495
207968
455957
803311
-689356
965289
-498855
-781384
823749
-639517
970710
-129204
539603
888031
-987150
665090
-845495
288848
-164895
-727476
-506998
868988
-393461
-722566
843031
-647208
774789
490629
669356
-568508
-137349
-726023
-504056
-665634
-412813
-483650
344967
853873
-400702
-618382
497389
-922235
-212978
629959
-811539
245126
-803254
332024
-139414
552599
799014
-327405
500826
-486661
-305825
1498
268275
137488
-131805
339552
-846885
-990747
-879213
-715143
-677072
-880499
292706
-690870
580814
705025
-750818
-86774
392398
-107407
-296288
-537801
-139419
-786606
-187793
-801752
-898260
422773
397319
800193
778834
402478
-701047
291446
-596325
173514
270456
-998336
807518
-869420
687004
-685779
847072
-299979
818964
-530457
-671524
283784
-902051
-312550
125800
791309
745442
-516026
-340969
-822694
166983
864522
-983725
33504
-136371
961103
-19544
387661
783486
462154
757459
-286323
-112671
-765014
-91726
185212
143586
-53723
339204
637386
-356504
312392
-578362
568267
-958010
65432
-662891
459691
-459950
-599352
-567030
547419
808759
94056
-815239
-55524
-811137
-802149
-402435
-540609
-327340
-397529
-992273
492061
953446
514773
-133999
474311
752838
336354
195797
-809849
-160392
-42614
828947
-486294
556228
-975737
778821
-473728
774073
-499067
-560376
-430072
-866696
-932699
84823
665565
-622213
390347
896362
837633
-764801
-138508
-534846
55397
-281538
-154683
754670
443941
-995561
-625570
-895698
-32373
351269
879356
587073
-803694
-87983
-919698
-674104
704066
-337929
577988
163541
-853148
618049
362792
-722188
665486
420040
-188342
350761
761436
-630527
745661
569763
395635
-208563
819013
-647981
17217
-448581
-691807
-755359
-718479
-2361
-879056
-452367
-551537
516714
-975634
-423059
-672672
85387
-963364
-93409
682777
-542450
896716
717269
884605
-880754
113711
289363
-287464
-221108
-413848
193185
-660802
552609
783006
537542
-23291
213142
-670132
335118
35602
613683
-430537
-162666
-603761
575886
-178536
-469380
-263143
-844617
703153
571371
964785
197904
-236524
-401606
-852209
848486
621977
996494
871626
106886
-744091
394959
-526072
713513
854653
-642337
996965
-13401
763325
131197
-816655
-491913
-101484
398998
-712099
-64941
609482
337566
-916213
-542731
78844
-266882
145276
-807648
-189297
-6328
689936
-911374
-55527
953836
-466560
492223
525825
222426
37751
-118254
851123
171998
846899
747757
-4496
-357419
656293
-119180
-106097
155319
453633
207722
451151
929485
-764872
384832
357350
499079
-291447
340865
981671
-382996
321562
270994
-224200
-200749
835528
910325
-562457
808000
95392
132267
-556940
940558
445719
103312
-487053
836083
263145
-335687
-378403
968283
-573588
287316
128278
-836369
-334187
-113345
275746
-172375
-421467
-524867
562118
-402172
-148996
-489763
-16169
-18096
-594982
-484007
-147395
-300938
402993
221026
-584635
831740
-657309
-999333
974889
-406378
246421
-712594
-843236
838125
-287302
12904
732884
348016
333700
-129794
-691082
-101961
218132
821334
371072
504831
668414
96193
15852
556748
-838401
548865
28767
-131220
-301283
712971
93341
-183984
160270
248706
-652127
590267
12192
335857
-489749
683924
-380826
-6071
346910
594834
539857
485773
-302051
-518048
-550002
-463804
610438
-896344
-314790
227349
105819
867202
-71887
-762005
-155657
-394045
-570906
651424
-566752
-425151
-297362
-152411
-456797
-514499
-888471
-837410
535954
941302
396266
875672
559842
-318570
-70498
-961808
-144711
751470
-437110
-592221
-891224
-347140
-645471
340723
-373297
-785896
887717
37738
-310649
-3248
672431
-250762
507419
-396956
-423763
-405655
788554
-696474
-945667
-604612
-546539
-451952
-981704
-645935
-404122
-154799
-148207
-220352
515663
675064
965376
108363
-933607
246663
659292
316884
-467436
37343
618669
657384
-239937
144056
634442
615718
-788276
-413409
-832811
-705520
444651
974220
790447
802030
394731
-367506
-338219
-664738
-762707
946792
-330887
557085
693540
534172
982399
-264903
685956
381240
184333
290899
-413482
-530490
-14230
138965
-881847
455401
-819746
-898039
-526765
-80469
-960752
-786235
-505497
637953
-66159
-546501
-897667
353170
-109321
619460
752263
-342934
106787
-537708
-263633
-623669
993671
-495488
-217712
654649
986281
-63830
819740
398486
-407746
-59444
-258911
169268
938256
-140488
-640855
-251809
-459498
618577
191932
981165
-254420
-551919
-679105
305551
103273
366342
-680324
-484681
852671
215009
-8885
-127509
959523
374294
-691517
-712754
-830389
270469
-397198
-562822
788591
-334269
450455
-430562
990793
132854
-608079
430737
210088
710071
-660933
-456352
-362302
5015
-409119
836369
159881
381357
841176
172430
-557674
47107
-412161
-870402
48976
897981
-203580
929173
49140
-886755
315912
-390364
-935959
-840324
-626787
774504
845845
-677286
-594893
-219993
-62697
900132
521296
145275
-426972
-417289
-326468
-958692
-301446
-900579
-912193
-53055
-144145
651573
423336
-72150
556473
-703692
697578
694858
172485
-667495
-409365
205863
-481659
880338
-584570
240379
588303
-695024
-887728
159056
215075
174348
754727
948160
743571
-47216
557448
184764
675769
-142035
212804
-760578
302194
898854
-264426
-343831
798467
563410
-315096
698840
-742633
781836
40970
212103
829755
-446788
426697
93659
542418
-27962
-912455
746019
24155
371824
-753544
-631914
34514
700952
794073
646585
562246
-786803
231107
976733
563719
-766823
-429823
826490
-431819
-907290
-420266
890291
603693
102643
-469265
-623968
-17599
739496
632580
-377976
651449
138069
-398885
586489
-933781
-441046
-81488
-275219
339324
310101
-98658
559024
-624682
967765
-991464
-891552
709821
416074
153240
-845494
402380
196006
-80005
-680143
-397219
-20723
973199
-613241
538663
573262
854964
-454919
-73438
-979365
739592
426248
-176786
797255
-262090
-53706
-556421
-995213
362350
686841
-258001
-742464
-810996
-226622
-896247
299495
-310522
-697808
-739992
-925630
-766599
15658
-354414
-957560
729113
847273
698080
109189
956460
463535
-723750
140243
56628
-755922
-248287
798651
-622912
631163
498895
-842730
-819732
-387674
243419
-763449
-619227
767934
144712
-282767
-110405
-108466
-86777
196356
-34526
-783
814301
-675674
129781
-823991
49951
610586
-135245
107675
998975
289465
-387730
78671
-603705
-771946
336634
32810
-942679
590432
-486319
612511
409623
-801900
-151863
-231242
-505449
925151
-522587
-407618
-480083
5196
559631
-600366
-665307
872244
108089
59361
-823992
961706
69595
-441208
972933
-301964
601445
174697
-780088
-853484
716786
468624
-52521
356792
-609300
337074
873147
-638814
245787
339657
194129
-290957
213310
697369
879701
-982066
-797774
387629
-457539
-92455
-221684
514897
843356
271110
529594
565104
275102
652523
116523
-893025
-143308
387755
165389
-341661
163187
-571837
-292857
927107
681589
-848292
305916
-973501
733767
-815012
-249275
495952
-356284
825685
-644833
-682987
39371
59566
224691
550930
255167
-744743
-837037
948048
952654
542156
-572015
64079
21523
-102077
215786
-432041
732216
-810806
-899398
-348209
166714
-782762
94037
694387
-812174
-216213
-827312
321378
-519769
110485
-723308
781616
-3299
168056
-256051
-815732
-157796
-927732
-349217
-926318
113983
-589654
-983496
743450
531449
505767
-436346
-106675
-81774
-419094
-957974
-663314
27549
251872
265663
-904842
611486
-765677
383404
421174
243222
-635608
-231076
-618067
-93456
-27618
769516
-143409
243886
437197
-681627
961462
-116693
-903957
-640976
-952017
-280321
281706
612100
-208389
-431276
280717
-390417
137055
354421
-948708
-225303
118680
-593660
859073
512238
-755790
-122727
-29470
-178879
-278553
563889
-863152
923046
-962844
208879
-568823
954333
583224
23958
-787648
-920122
-928533
-395406
-684138
782786
-588519
-348895
-142868
-236181
36020
-968870
339033
530868
-623573
-645793
-16941
-817115
-315817
413910
-634289
-921790
68804
111419
949395
52168
-207098
96419
447700
-631366
-793453
817199
-586715
926400
-789491
845392
880406
-99273
539356
532230
-713984
258006
-8680
-331541
690381
-636100
-474862
-998225
-391099
-600270
293636
152714
-580665
-402525
-539047
-221590
-951002
718735
530439
-612443
-179837
589302
-769150
146384
-98149
183814
872492
-860576
389108
-648101
-848132
-693046
189181
911880
-74669
-386726
733276
236954
-8027
-189824
-102465
110773
-45507
-409975
909455
943999
-171260
-138658
-913219
-130738
-648742
-758487
-885766
296628
350869
193206
-673554
555695
-794105
-515435
877166
-252420
656777
-81287
-234210
-905434
-943026
-259204
-826925
143180
913798
628990
479597
-592873
-268025
132266
-291295
867686
-126968
-187674
-905902
-300214
743241
418549
498348
505824
973626
608472
-863098
275612
635194
348651
-733606
-322919
-507223
339859
927620
127052
592661
-844930
-312483
983515
-381916
-237781
-945113
489089
592844
369029
-398139
607620
521904
-874592
-787801
438881
-116118
-744748
-951810
-979015
189855
813530
-372813
952378
868220
-537676
-733797
-788231
-276749
914267
-372433
634413
587335
716034
-526575
-846164
66833
-300567
471729
34871
822972
-788915
-440492
-249043
-607499
-787962
325503
-941363
-971052
973330
-724413
-953333
-573697
431635
-179222
-967675
-703616
-77955
640764
778001
291872
848210
106877
-567448
-718567
-460797
-389107
-620323
9348
316105
853699
-70711
523366
220169
9226
-53374
757508
335234
501186
-691496
-791184
498708
269240
-130783
340897
777767
760958
-462880
547158
680471
57184
-454818
471382
666056
-743326
-772006
-372871
-467567
225978
-246348
472583
-40517
-661463
969376
-741261
-370221
132134
691165
-80617
602292
-321947
468081
625152
95515
951741
-691947
-152984
-947005
804714
-291427
-226218
-256225
-634817
-35277
-352876
-540722
510565
-986170
-618113
954585
321810
488013
997306
380095
-935433
584788
-384694
-450698
325487
785842
902297
-970283
-644034
-516138
532465
-826172
-668082
-571871
765285
334904
480721
864937
861052
530253
938693
359880
896810
-424888
989588
272742
-685765
450903
-650400
-917263
-481883
424221
53509
-291865
-908177
-62958
754606
-832338
888781
-653053
-139122
-802437
-184640
-107188
-446037
74905
477296
-506155
971604
392708
-666146
531977
-696158
829895
614580
-278047
-384125
-837933
-926144
-245411
841810
-188523
-544321
-179893
-65702
-369926
814847
267997
595478
169108
940089
-38638
-784819
886146
-366763
818449
-194090
521790
-409383
-409406
-981376
-799063
614033
391323
-833118
993729
-839011
535843
-59469
973809
-169232
-682074
-196004
-39877
254251
68020
-391407
-728404
895436
-433060
-199123
-712452
-938880
-228389
959002
610486
-392059
795766
494825
877451
155305
131958
-218194
92682
-539225
-264751
-505091
281976
-214135
476949
-91547
56741
-548025
732879
-806809
87268
167605
190195
-246543
-394380
440128
939286
-268347
-311629
-3742
322595
180647
-943548
369953
928955
-667387
-297292
-37943
-932022
109148
-883079
87744
833202
667658
260896
-812172
-885616
-466573
731466
492083
80453
871037
-801171
724551
-158960
-622869
415891
-395076
950334
227624
-839657
-547702
-121689
-213231
-884950
-15227
-537998
-164313
-364224
24287
592447
-813101
-517665
-486429
-321954
227257
294312
173986
446983
-797208
-475432
-871855
768026
-605469
71655
923327
915364
-185379
461399
-317431
-60806
679936
-275332
251933
-897316
-730227
-897171
375778
-404225
-265661
-669883
-701691
884129
-299648
-14645
521189
-731444
-418980
-528586
481808
447956
-162847
-843800
445882
920372
-869072
-924251
522386
795048
733579
660595
-143872
-132402
-643589
-699469
-768740
-425249
-189286
-195970
-962053
187905
701473
-474106
-595362
525208
-582632
-126687
481195
162395
-502884
-730551
273
-169341
-766522
-11858
-342702
-295357
-385640
-484657
478030
453733
233944
949865
96799
588694
-160319
268152
529683
675123
875318
-923483
-125169
-413321
675199
-422646
661299
-644768
-630877
-976096
167468
-494558
-662697
574589
971937
-446461
52033
198725
54474
-454287
575391
858898
10716
850244
887896
531217
936086
-675226
229856
-769027
596160
235441
-189247
881786
958770
850709
-835662
-701494
593352
-505984
-519152
741894
-206632
698017
443750
468332
-578178
814980
76710
848446
19413
5293
71419
-503768
82722
794564
-77035
9777
-740154
372788
-610946
-168348
-544029
22235
398680
652168
-651144
-949840
-540524
982941
886443
-312460
-790790
-523271
-951903
339623
-814814
725106
132570
-93265
-221003
821872
114984
590081
279888
-225657
214459
-892691
885396
-497002
-233523
720603
-775186
-915124
3245
945776
-761067
-662768
-260492
285453
-591979
-724571
847742
-504736
348421
-69864
-358592
101981
-511872
564
-695396
223347
-964565
-254498
675803
42968
212276
457202
-78056
-702274
-952020
504341
-654224
-305876
-666694
412240
485806
763852
-823059
-416135
-139802
-358182
-490546
703354
256564
308707
-958176
-126870
-182785
254746
523857
561926
-98411
407479
806986
-171938
843634
-805198
708267
281415
971647
582299
-323091
-46501
-658100
956811
748469
942646
-4634
-588529
-632610
475057
632473
776426
-401440
-471786
862648
-304791
-798085
206004
-342383
-363711
-624775
332342
-930901
-768111
441130
-89368
907103
-260910
72099
731323
-78867
-758368
-969237
-847493
801572
-480609
122399
-516193
-904312
-964480
309923
-281831
838498
-588301
48669
637265
481471
220369
618629
508166
-69124
-495471
-10187
17763
157620
-913695
358052
942789
980276
-356234
-42996
245708
-408187
-992785
980204
-218457
-614982
-426288
440125
-518872
-530291
-628942
-67962
358111
18323
235471
336132
171374
481114
699159
267831
-246517
581011
490931
-645333
-803242
-908787
429220
757945
734270
137450
953647
-10320
-485732
-611802
-2347
-34557
-410464
295508
-758887
-385768
616985
993101
47400
741478
904223
-558135
459747
566762
-446519
-634275
46878
104783
782143
-128226
-857649
-122739
113671
-988641
-641081
-294442
851002
-489115
657837
707575
-951925
376252
763004
818981
-817466
-200632
544414
-333853
754274
-954410
-244491
546630
140987
-481612
-744164
-717329
-890522
887813
860716
899029
66783
889524
-181240
384596
-606242
519669
-262808
-616903
-575642
737017
500523
966753
694383
524937
436951
629233
-907256
-455530
787161
66120
337109
376644
854116
141419
-954776
716565
438754
-642449
-136919
452023
-127173
-304083
435119
-155968
-374358
-265815
-658503
-737443
269906
-735427
733933
944122
-463776
-919483
-553536
66941
264687
-690515
-938641
539074
771789
-203798
-977428
37453
532067
615778
-732969
-216447
-441383
-412313
-311990
112169
-583424
745920
425348
-321917
-193806
-276211
512196
112739
-286945
59748
296441
990714
697731
-815740
-271554
685032
841705
944404
-539362
-549481
-604396
927570
932269
-753164
-995050
852491
-63206
354172
610479
-234836
939790
-264542
-194422
759365
862707
799105
-293613
812475
-560197
893300
208690
872784
-562671
-195324
-398592
915005
-570868
196754
665098
208180
902678
815569
552477
456421
185525
-725325
-550955
-603117
610340
988387
220202
356661
-794301
-853286
-498458
-330684
748819
643285
-928281
-569596
-502296
502485
-895569
-253109
296612
-570588
-661850
152719
974129
509623
-545740
952454
-98710
994592
-290928
-458554
-736126
-586197
-67208
798443
43562
198499
-344234
-597015
-340491
996091
128838
-427039
-278837
-958662
110411
-454087
867110
-509325
905511
728419
-950260
-544138
914979
-642246
547519
834640
-193164
29568
801258
-185782
-909759
-612856
597898
709912
627708
33822
-149340
-395205
-300439
746402
658821
645351
-247301
-888259
-779761
139521
-923780
821104
-817076
333301
412906
973899
-228309
128423
-927742
981024
121441
-520114
939565
435433
-355106
111945
-616680
614714
-485409
840686
484321
-892380
-627342
-145078
906746
168819
595818
745839
2006
830713
127604
-152640
-529990
502466
-503460
-566461
984170
-891807
903282
737876
-454528
140637
501311
934762
774639
-150159
749145
-970169
276816
900993
763942
19834
812014
-839061
218634
242718
278284
661604
672984
-736130
755188
-689007
702997
-462293
10645
610283
-83175
-597042
-331408
930347
-754756
-252806
369855
391902
420612
-517393
745093
455549
-815770
154418
709788
-955092
561129
981437
-746880
-194497
863753
677571
-123632
-831701
-791998
727087
324482
-797614
-151105
30119
647779
-524747
-378737
42201
-16066
610475
354420
-96815
-314416
-2152
62689
-143962
-637338
-887965
419899
-252905
235716
-321425
-676100
685358
744259
-640016
23594
-718980
69844
-775866
-942007
-481654
849407
57608
20603
747695
-820870
-923200
-296947
-599492
-882136
30794
-374728
296636
-32278
-740245
652558
-527093
963098
535069
456986
-591010
519235
-426694
427625
-976437
-71426
-765920
203160
-368474
543094
-194613
43900
-95682
26330
-84842
633561
-342497
579047
-975488
910410
58127
956014
-651601
983642
-848327
592742
109186
905508
334174
838690
-842828
-985502
-539861
-138843
-156191
290039
-972078
972732
787299
-293572
-459883
201821
-113179
-544092
-689782
-211652
-220073
980426
-267980
-621449
620498
-336282
-479655
723204
-599620
-741013
574122
-535189
646933
957754
201034
776507
674337
983457
-451237
845315
264736
252103
-643654
520762
-572221
-903971
-921890
-245057
637365
-943730
528313
-74224
680488
936332
215940
-726944
77091
-34865
845936
-766097
399673
737695
26053
-879288
746529
-480516
673581
224528
-967026
-233225
-476872
-351163
-641427
373600
410226
-267929
-49974
119869
-532808
-787903
-49094
-843707
826750
615002
-179621
919403
281747
-600067
4367
734975
649117
-410479
186026
276735
-892552
-855947
786993
336044
437104
-114844
40088
-764595
579030
535642
994844
778176
-840888
-894401
-416437
-119317
191286
341597
-351184
447964
663613
-242734
32130
163501
331681
733477
529537
-804247
-517042
-781424
966701
426672
-633817
-10921
223491
-750059
404697
32607
283671
-666744
-197227
526498
-502737
811822
-796191
434520
-701634
-36327
801985
936788
-216983
568524
-969254
-835487
-382517
-789159
-333781
256228
575398
989638
-776121
439131
-647203
70444
126951
323927
440168
969684
219913
639984
677693
161519
-802125
529355
408239
-799044
219737
504567
957216
188030
-12994
-688021
869056
416125
821529
109427
-632348
353143
861424
-881470
983359
113438
69120
-976644
66989
-106572
-418941
-207879
-989422
668870
-779932
588186
743348
-624886
596152
-940482
112405
-973306
-303612
-506390
246656
-662733
844882
699005
-529617
187080
517437
-44765
-830453
98694
704758
-273788
138692
-332497
421283
-689756
-125602
-997298
-684137
-195875
-333651
-72611
-550473
465797
-395897
-176788
-521268
-672665
-600543
-731816
-121961
566456
-681562
598536
934646
219434
-565765
936928
-485751
654257
-557779
-20215
-814241
727507
-665799
-607349
594838
139798
189654
-940456
-237138
-290802
467750
-719684
756577
12656
-621621
958617
-11923
553859
443324
-243222
-743807
-173260
871941
397613
291626
963518
-69345
679579
418408
-832554
-965398
478663
551323
-51130
781263
330081
258265
726510
127564
-55798
-377128
679173
852150
-568655
664174
230737
802297
287257
274819
-8090
-795411
461443
345590
-769750
386763
574453
-548264
-842372
414420
-867177
81803
-789615
85266
353762
-317286
-504089
729691
-925437
-990135
-582854
851794
-140316
260717
-417456
-991985
-816050
167566
-462919
604617
-391012
942454
-563927
18828
-686108
-475947
848000
-282850
522304
917993
686663
309554
890647
937741
-234312
234525
275085
633492
-132779
946066
632885
-572635
68315
-213663
639019
71213
-723682
330217
-567785
-169826
901293
-536064
-751917
783186
6385
696117
-331175
-18198
-132174
109183
-754828
827301
881841
855102
-787185
942548
183671
69239
-426999
381924
-252445
-760141
826191
-909667
-789853
-339432
-50820
542668
466377
195389
-397306
838237
-140666
637639
-212304
605675
452260
-427655
-565712
-659847
121335
-212048
-850915
483602
984492
-788446
-27915
-84766
192075
218853
290563
503787
518857
670534
-995770
318725
507159
-947390
-420389
580053
-622230
-113964
148097
-557748
899862
993267
754970
249613
-884188
-685993
-592772
-664728
501841
99770
662533
-675428
537398
-598388
-625450
-399709
-789297
-822620
-821034
652003
255082
-791055
3659
-38495
-943657
210851
302491
599135
303032
868271
-496735
250946
321767
-214049
586961
-644374
-306610
-136111
119213
123638
-600923
176300
-800802
-974996
-905959
-910479
162358
891478
-327891
-152003
-270441
54995
912771
-831081
534041
135620
651383
-982253
418009
732783
-376147
795836
-938749
518141
-164833
692225
271626
-604041
-337720
-150673
387356
996549
-277854
439364
851085
174001
-566187
966383
248480
169077
-870194
-543078
-774304
-760091
-271671
284783
210494
591145
-994637
-856931
575790
616401
223173
-819964
550907
158276
17278
192987
82680
691198
219212
984387
450443
911482
312345
-142510
22651
-960271
-46463
722014
-759059
727019
-841358
-448852
-825269
475138
710582
103000
-43038
-138326
779219
666680
-756999
356153
509358
-951629
-187925
-781601
593379
-766009
57601
-550764
-911148
517825
477662
-791981
-386281
-918639
627236
491866
445111
-377873
144135
430049
709949
-963901
490706
18326
853456
-37019
-499954
-195864
411
842918
-370815
-367219
-595974
-659665
-584994
615230
852870
-829059
-397371
-547261
338801
-373694
-92856
163188
877985
206885
927841
-516836
-287372
-447172
947471
-943339
-358369
578612
-274059
410979
97329
-736777
-547807
-398374
-771424
-991518
-402732
-914267
429401
786783
441908
-377076
499977
678080
-207958
-405537
-11418
-548081
870537
-180579
883686
827971
722029
807627
989585
-389572
-511661
523631
-230751
113539
-32819
496493
473392
-944034
-508996
-755234
223633
228811
583542
-738135
350821
62282
-484614
205198
805761
-453713
850657
987451
-846945
-378498
-597327
-743598
714519
-558048
653424
-973475
-118902
259501
121752
-60514
-22693
912235
686556
-727990
651040
-506981
708578
-728704
238283
985153
-805697
-782008
367350
-421035
183120
614499
446431
-175839
350836
931820
724331
593370
810387
-363508
-814454
469745
-206864
-897060
862412
-3252
-456406
-932348
724731
118215
-647284
256566
840012
-441041
-161206
-581923
-891494
439852
954402
265467
280419
-305857
-374003
-273776
191429
-290476
272807
778656
713463
-73256
432066
-533981
-973357
643452
515396
-277532
127084
-838520
189355
895958
446247
833148
-847007
-387762
55083
-912444
-524960
608436
240003
-958413
73018
687720
785158
-30850
-969719
766577
-577616
964529
-430746
708922
209001
225390
-307699
-619297
523072
435401
-481832
448733
-529636
-763420
-750
-327353
166578
794232
-590563
860106
-443686
850933
-99178
-282730
7373
500782
153037
-97546
214546
451176
-675339
-643278
-949882
134991
-630095
548142
-452614
498942
695210
-889960
-204748
-37827
169441
-885811
506627
217887
-292727
523641
26247
-391117
-773831
-882868
5751
-804288
-486800
103911
-997222
132609
474636
-106807
127710
554304
421138
11458
195371
121143
836936
45761
-501892
-746332
564342
-897438
-594909
-813775
-170795
467142
-471058
915724
-250010
627106
917843
-924469
375966
357163
185485
205462
138763
-162578
-819806
161238
969413
923644
-913500
-269955
-703645
-242655
-333344
-732938
359886
478167
-755750
428828
-523641
201515
-709261
-567586
579308
-504547
348743
190210
799729
441932
-852523
-120588
45248
730029
-343459
-725211
39977
341995
-302856
904181
249059
-96305
258335
224961
797603
158843
-48307
450445
697849
586312
761165
-789977
-742185
-130822
-306974
738681
740251
-294526
778741
-77749
-59888
440998
373317
212905
562191
-414705
294518
260724
403273
835408
-771126
-484513
-479641
281826
-844076
-842905
933188
-363632
619641
-398759
-105917
838985
229184
-192538
211293
-318606
3673
37846
15541
-480934
831926
-46650
128288
-901215
79840
913799
176768
-388906
387664
-930297
-992189
666125
310069
513305
-720468
46467
-909196
-848972
562529
-535823
-524039
-564540
-601101
861864
-342737
920583
-962774
-856331
706101
488825
-242770
-815607
-661113
800953
34844
21740
453548
-184214
937610
601453
-430562
-589166
24338
-104459
-114680
-57046
216286
-986650
-493348
336046
-452539
49952
-985194
443863
-883142
631070
609279
-439576
287209
-969741
735225
-883320
-481369
-943112
805957
599018
943022
-569901
55974
958091
-614432
563718
991632
-970763
-995688
-425027
75387
503678
-935952
741412
-416666
698789
-994160
-885256
522852
-145733
-944324
-873449
-343634
-429018
-782477
-50491
3428
818828
-86879
837478
-961632
948686
138400
-893720
-637462
695199
-802573
116115
756721
-23264
-488727
941916
-312507
-23482
897955
960464
201070
-190633
-159913
-373027
844854
696542
679006
-363396
88146
61547
-160554
892040
-424957
463675
-918378
-861602
256369
-792631
684605
602737
455714
383429
528484
-117922
-32688
562233
875945
715191
86063
109582
501822
-460123
-713610
440055
-468932
870758
947282
-84781
722778
830936
635085
664866
7135
-598724
255837
-348259
-593177
-838890
-604230
52358
-122506
-166323
-123031
136196
-45024
930381
-85342
878692
143609
781699
529205
449925
173476
875746
314755
382981
855810
764455
386204
661504
423267
-894726
-454025
-752287
476691
-937276
161875
-966877
402904
-673060
874098
-970724
-714533
975107
665301
113947
-938419
494901
685304
509532
-158263
-23951
821872
751753
962684
806477
771863
-176796
-395335
264078
485412
-791231
-982241
810963
-820087
910369
777741
337835
-79736
-586868
-192524
834298
-223155
971563
179525
690891
-119132
-500649
-577792
538988
98122
227912
166039
125423
183271
574549
8975
-341970
585500
-389811
355257
-238954
-540981
750864
352531
-256915
183989
-493349
-351884
685691
359694
-613914
417049
-452978
378470
914471
-159744
827022
496772
617973
-101230
-337247
-52611
-123813
-161269
-174571
687942
-194935
160253
530393
998820
791720
-383995
-547650
-421791
485072
750077
630965
213347
-164803
-87564
-216999
-775580
-512091
-335311
-249620
239340
66334
-331019
819429
216765
-443357
28562
-744709
-347625
707665
-603046
-680453
-854366
-113221
-721588
-282953
-31454
81733
973709
-82625
121288
-562911
-661056
-802382
99788
154093
67563
-937267
253304
-916258
603775
617907
606650
-470920
-355891
-753651
613386
-94203
-137952
-329768
648947
-604954
-774351
588261
917610
-637375
313201
-218049
-654836
65229
489882
633014
-353355
-915115
488743
-597552
-739929
-156224
-69814
105127
-954210
608876
33587
195985
526710
870904
-690694
-679019
668436
-906613
47023
-923894
100385
-259375
-125798
67123
-185985
973292
266953
248458
-926756
900740
-453602
-781338
-756320
-915246
947261
-474323
306276
-753710
-862737
-995897
231131
-721789
-861956
478590
-363238
616244
-815382
818726
299178
-66654
262621
440289
-577678
971111
-737986
750288
-603381
-674312
-191377
-260741
-979951
865678
796356
91260
-779907
-530550
-460445
493116
-886844
-766689
709724
509070
477622
347845
941543
937397
-408065
-624009
999263
711202
-417576
-116614
-91570
-434511
18677
312061
-304505
962912
44924
-297443
378259
692453
-595816
904825
-664334
501434
-986633
-161086
-347936
-410191
539102
71379
-133402
636072
315634
-918324
876310
-747478
-141176
698337
7222
71332
-589899
-899397
853947
302105
-346363
28454
-172750
956436
-461870
577184
-275905
947990
129829
-868500
-589730
354552
756803
-932337
331312
969113
-698360
570054
100291
-271914
303023
-716044
528695
-219499
210300
-561466
640383
-440637
-84953
866340
-219437
280581
-404440
-430590
889464
-243157
61168
-961614
-798511
-315653
653334
12182
247459
-552134
-717304
-227841
721302
118021
-436292
881345
-827211
545319
-205417
978318
-871325
335887
-366410
277380
-215869
-759695
-668641
153552
-327302
225545
-744626
-589143
497919
-348470
769482
-340318
519602
730151
-984112
335089
291044
485458
-459285
251336
-134795
986012
305710
4595
-379021
719486
-883830
-477282
-803768
949911
980198
-206333
527185
-331510
786040
857382
926194
214060
486561
-857860
177109
-956663
-518464
488996
402767
-600569
-107027
324852
-608359
78932
-825822
-565265
45602
-913669
125807
-150317
-547413
-414198
-261582
874435
227394
-156483
867915
783878
16335
-8107
-95048
440024
976712
919269
348551
185256
921736
-847228
674058
-544174
-513796
-436233
-45355
570317
163906
345726
-697619
-471720
916387
-945974
961650
314105
-754080
569237
-921816
180577
634539
388108
-600476
142646
-730805
-729588
666863
-345517
-532039
92601
-369008
-575887
781956
-209598
-435645
827386
-742365
610684
-303915
-715351
550699
980725
-873769
351342
-547618
-602211
-846345
791245
222880
-472979
-236496
518626
-385707
-204281
127517
-51331
780662
-279761
873582
27132
-983974
328458
168819
137243
503380
-87394
84525
-354566
545443
-800111
146636
195324
-203033
176030
110570
336700
328918
-499892
-856498
385440
-298446
-403053
-621834
-351652
835104
-434017
-120230
-477800
732251
-926382
668716
-266698
494204
288247
795462
685575
-845049
-775036
368849
-556931
257819
-18096
474610
-340940
-108056
-97914
-785838
-716071
43343
-689202
272347
190300
906827
636702
-15529
-616678
818104
-419101
920200
221473
843089
-587240
-203550
511021
-874300
-98590
968142
297621
595876
-641614
741556
-468911
309811
-84005
-149005
567880
596009
-503631
-546775
114418
-313757
-77286
-696261
201948
556004
31864
979545
-529539
808513
-574880
-813201
-75362
540010
384812
367544
679920
415762
5566
613237
224784
404010
652952
534233
685252
874155
245472
836631
83239
292699
-63517
-156429
-610152
-759238
-563160
-53249
858473
616744
446476
627126
127666
967966
315947
-189988
719536
-599021
-867466
348425
173865
-865108
230015
174309
-966466
-921901
-837685
788082
-376388
403097
-834555
-125532
-420357
461751
-447801
97958
761363
-165787
-955192
-322223
665228
-350718
123306
881766
-539422
-356582
-604090
-28553
-845662
-951967
453463
-553936
960955
-618724
-73444
945825
-894409
-89648
-965052
10090
-179773
-866723
-729586
344505
-243835
327988
118639
-93833
-167428
-274398
-50762
142570
370928
746156
-658508
472949
477513
-924043
-316632
-673232
-403381
-161548
-927961
-825114
232318
704104
595329
714590
-313154
-88935
985693
201079
513629
-984038
-148829
-638845
-956988
745669
-593064
-714848
-644375
-944828
-115360
417555
-865682
-599670
405527
-703096
-179214
-834255
-480090
906398
775180
-790930
803393
155181
-622161
575138
-313163
470881
632917
-433899
-823259
-797020
-515401
-77445
-635342
605349
-927415
-343942
726805
-318058
270988
-762944
324272
793653
574199
-745701
-841421
-713006
853314
-36405
942207
-419942
684111
-505553
662518
-224040
279364
-305515
-741764
54672
-400857
-565911
961461
919784
89615
494795
-294971
81676
844866
-992836
-120119
653646
113700
241004
571579
138303
-955374
-267530
-577904
-148277
46505
-169911
305167
443162
791997
273500
-552919
937594
17875
545357
354784
475077
56031
-600490
909604
-22196
540321
-908591
-937377
346239
-45275
651192
370646
877599
109726
-92453
492005
-539149
236498
-519300
754032
423285
825656
92386
606199
-229373
836958
659220
963999
556678
-271485
-644147
-833457
-106559
-483781
-676122
176470
-606813
-377311
47289
659043
411481
-839759
40661
93949
-274208
694555
-246732
-66390
-453008
-852164
751954
-59002
-911885
693606
-584121
-401592
-786220
568687
-23906
-97472
-802385
663783
775317
422491
-114665
-197803
26917
-24168
-321866
-466766
185160
-207220
127902
460075
-120401
207713
-254078
-886225
783557
378071
747908
-910008
-903336
-147283
653496
-261503
-132903
905137
-810966
-582259
440516
-537490
-275047
335252
-648222
940096
-205518
466189
296331
-947151
125421
-277157
-728035
128483
889715
289768
-836659
562705
566868
-251731
711839
454889
-842218
339469
958705
653890
-257724
-809257
697928
-453941
987110
-715091
-972698
-791307
877238
468442
-386571
517441
309889
219552
-330907
4273
777684
338300
951734
-24956
5998
-589391
-599789
-801496
-319640
116614
-789339
-438717
-388758
4594
914004
44766
-817388
208766
-350033
822544
-845239
-444345
695429
523861
-632363
65373
-233611
-559883
-840980
220615
660248
710818
-416085
183339
-727017
-502210
839373
408873
116703
-916212
-246401
-637148
724943
506985
581268
998184
248002
-223926
-314473
-327942
-461819
308125
997075
904823
407229
315854
-827007
-641817
315177
828490
249194
187075
-435333
-969837
-818131
-587953
246747
73625
-84675
242473
-744388
539638
352544
919435
-630550
585878
700459
-175159
454285
436897
-475735
-299176
-586606
455398
-890918
-732013
629557
-26690
938990
-973212
-73293
-132629
545112
15404
163304
-960859
560236
517537
244133
-488549
728180
-357924
-181347
716724
-429537
193815
951503
286447
-288695
-416961
-58614
989153
-767397
411105
684386
421824
943558
259317
-471892
359916
68348
631972
481391
209352
881699
843027
717663
966678
762252
-510146
-33553
265719
368617
-976610
-292166
815366
248701
-151009
-860382
923078
373873
850419
-495220
237132
188811
-430081
963095
97476
405276
394253
-457710
703447
751881
-998161
-714204
-981447
-421429
-503231
343217
233727
-459938
-150636
275063
104143
-577413
380529
61264
224854
-274662
313302
692608
52365
-935367
-98653
-880039
-237828
455355
574543
-366436
937964
125465
-215274
-28826
-512156
3641
93048
-822145
537080
-289521
-645267
-625723
828927
-595293
-99870
-399807
-15933
-971899
-251924
481337
147770
932575
769091
-50479
793970
908740
-45284
380921
-62338
-260889
-680964
107791
365982
-547276
691847
-642354
133910
257290
-162464
-34216
316068
-24219
-874231
-528961
-446726
202017
909538
833081
167029
-917424
275065
-857396
158542
-574253
979822
605046
728214
367773
888188
-761373
925414
216496
193757
910206
-444029
-697380
969168
223165
-368046
151282
667570
-198738
-671270
112590
36246
-740508
-385980
881725
752294
271431
141169
-996316
636831
-30573
754409
426077
705348
-137631
-262919
-590810
762746
293837
-157763
993770
-854392
460259
35773
549837
-924728
-798469
-420900
378529
-811205
40208
224464
297168
410582
373856
-504272
-183655
-115434
997113
-507990
638596
-990796
-627535
395021
128842
-908719
906338
-286384
-466399
618268
-577272
99971
-470996
224876
-549767
-973828
814061
-460255
161989
-836798
286347
961699
-287885
-442007
-767139
-596814
986753
-811393
-438179
642530
-219880
971560
-670224
-279811
-379617
413670
-441300
-354708
-299319
-814533
963328
42439
-445056
-828277
523065
-533186
-727093
-735826
219641
-199391
-833917
-765433
491568
746351
921415
119140
-394004
453100
147157
308930
-290740
334569
-336073
69435
7814
-125207
-162525
-879952
255949
801296
-39048
-723122
481288
-57771
-425190
260185
-724042
427970
-433260
564440
720435
908702
574965
-855219
-973647
-472379
-613714
488916
807965
-239408
-864622
88864
19140
-65499
-229435
819574
687198
710923
589089
-274693
-58139
-130937
-144430
-747047
777487
-473092
916109
759053
498357
-6991
458417
441063
-614778
-764397
-233799
-497451
-396346
19670
783009
-258700
-477393
-239445
15203
-913157
-629194
-269956
431741
-871910
-290193
-675767
789843
-841859
-749156
784327
-266022
239127
313422
-850890
908497
-516770
-143383
-473938
-572915
153528
311632
-710491
880567
813531
-548586
-416519
-540745
-903237
749238
-564531
507354
-332449
-247322
-587171
-121874
-145668
-582888
767670
689342
-97071
215103
116094
901016
199898
-213767
706061
-424372
938651
-255449
-556082
-369468
127086
461405
512823
466501
934177
12375
132542
128245
-258705
277562
-820900
-100356
945264
142976
-968904
-758117
570405
-786337
-437446
-425489
-508659
898213
-919040
-176700
-585982
-385822
180346
627119
-216338
325545
782176
-585911
628223
537378
733716
-43220
-64930
-432082
962153
-415201
-15117
907355
-129612
-730326
-933233
265609
-418007
-119319
92963
597109
480136
802404
-94719
-796863
459392
750867
250672
609733
-586921
26861
-961724
380582
-659045
476674
-790610
318695
613705
-8175
-898466
645961
-670469
-131920
-156523
-486998
-208146
-961801
740459
-831147
-15040
-368235
-675892
-734856
-858866
-68805
230467
900189
768247
-281666
-772797
-802491
-479761
-801604
439569
-56662
771523
39059
-662338
-277266
-686063
272438
-144510
-861054
-846445
795241
-487198
-9367
-670493
-805618
370183
430110
-111929
502393
-968219
-379325
932692
135537
-18494
-931563
-992645
-930311
-971819
-876401
314865
-127562
852339
206653
-95362
-707483
-382178
-255449
734541
-720173
-101894
-870222
63051
-616780
750986
-354567
-881758
-691269
-730975
166995
-551804
749399
345959
901685
903806
-557141
-330684
488560
-40425
454647
-708454
-118454
-703463
430701
-449688
994316
676401
395788
964066
805980
358912
513734
797813
26051
780683
-617229
530646
-995036
-395537
615488
195023
364853
861833
-376889
420930
-610712
-540254
-914542
-38558
521349
-665780
707909
442286
577710
-204517
-106833
-420664
36466
-680805
-721419
-565260
-74604
-729987
93887
587484
196693
-353387
-806593
957450
679607
-891892
-950547
-572431
-902338
-549477
-689464
-867667
294703
457731
384023
715637
951791
512383
314616
899736
290524
556245
877120
97937
784298
-709826
720571
274070
-355613
881555
698463
160702
828370
-898129
797917
804653
501732
865013
-912600
642039
-95955
-363638
-205929
200783
-963591
477407
612616
-867020
-595305
-865183
77406
-26599
-356650
978275
-4170
981273
-131231
-581688
830245
-110915
786560
25259
262486
584937
-25167
713210
-152718
134207
-345041
-20473
-89535
-366417
1320
-639061
-508818
-951693
-455555
281152
180001
579353
-286480
-890618
770582
251197
-528199
-253014
-254241
-983632
-181819
-425877
-2231
644793
-751898
363055
926230
665044
-833511
-126537
-200976
428403
-479943
553562
-192150
-318056
-847074
-367634
-504395
-20379
-757684
68030
507858
-622639
-835135
-512919
916926
941392
-969519
-505194
947608
715003
-882386
297838
178007
247081
761622
522529
413245
151062
-963698
-906446
-2032
-502916
-900706
-73248
-891867
695817
-549488
-562182
-540939
-514864
-250512
-384985
286088
574518
-97024
-446570
-945542
-326102
-800793
-151440
-732871
-129395
-163516
-972929
416700
18990
393750
526742
-238857
937775
916739
-27655
-112650
261626
603996
480484
-946730
973196
-722951
-439148
-379715
729696
259663
-420917
228267
-628344
693571
484627
903884
-381368
309367
608909
-377949
303644
-353261
354341
-168765
-504252
865897
331293
-70414
108163
-861976
-457432
624141
-894222
105710
954591
548294
-823642
550098
-118913
-522787
-508357
-383071
537620
-67606
-379432
-206558
-457541
223685
-466291
331041
124214
-272271
139811
506349
-158394
-259797
440372
868489
174356
-208537
-142057
-560816
105550
545493
73983
832413
-385455
-134623
-149103
346552
-771271
-869726
-810024
-212390
-97730
-93126
-552112
-704323
487972
886238
-85966
-282024
595746
110325
125773
-781071
404464
-441396
-176259
-104241
493371
121972
-678138
-981177
-947243
331602
-653779
89156
431218
450247
-858096
119928
-508901
-144846
693795
-718958
800023
-197302
-156602
4282
-16841
832118
-659000
-404948
937903
-475696
345763
900406
-429106
-508735
540461
54798
-87651
-520300
-143896
-367000
-219714
954715
199363
350454
651608
-216802
101111
571439
902670
675245
-722337
-387646
82849
418065
839398
581265
-404630
-664760
-190299
264225
335087
-65613
-514683
-10897
-409922
493695
-553911
75811
-857379
-199433
809395
-984794
324626
275881
963212
995139
-479324
519083
319086
154651
-825211
-838219
581181
621149
-560988
-77688
73316
-534715
-261169
482649
-996960
-585948
-744175
701355
-155692
397097
945534
164035
-617746
-420191
438302
-439495
-189110
-152720
-36384
-136645
871717
475291
798975
175921
833837
371558
262302
-624041
-180828
561654
-322216
-448727
-810202
810876
103558
470385
-331618
-588544
-436787
20306
-641525
-964247
279579
-29540
-221877
442920
-170974
-199374
442400
-761035
-737204
-284013
292869
-55569
215227
-37218
-938845
-853358
82104
-306463
-192776
-274045
883523
320689
-11258
64261
-509974
-98036
-488001
-231742
-115249
371438
-832633
597642
-399885
-949040
-126477
607268
239156
299591
-331406
750505
526852
-641055
-382237
-335980
-537902
-908001
-952914
863451
-152605
443961
956069
-674859
-200692
178498
-576498
-470329
-91267
537488
196354
930472
-907696
316654
301920
715407
537238
-924515
752104
-786050
710410
78012
-734122
740957
-277617
-192960
-565600
-719588
-850241
-573524
20452
-620795
851038
404220
314799
808705
-505214
-216011
-863946
16059
222906
991136
41190
-555596
219970
448836
-823098
-514728
262349
-232130
766314
-668400
400324
325423
957419
458155
-326024
515184
-868570
-241743
154214
689562
30500
-120908
972734
980838
-690386
763285
27879
145479
-516046
746435
217805
795604
117739
70504
547815
50001
720245
65122
-885526
220402
-579570
-637029
554113
-353648
100278
-397547
697998
880623
399676
345201
-903640
-739541
646869
541700
101279
384217
-400736
886593
-721698
136676
-538264
819814
375839
303168
15686
280240
395281
180696
-595050
-914601
-807563
-45485
-852194
206758
923870
90513
37213
997549
-127321
266795
647239
-398624
-27512
-804121
-649200
32706
176415
-312669
-836565
449416
527842
648196
708827
521607
-790922
831542
-932143
614551
-500136
-114326
-324662
-115282
-710497
-82565
811257
-687875
-850471
820427
132025
87491
96161
934970
-493822
374394
-311722
152751
-738327
-795207
-286540
335720
-330733
-278404
-300449
-675513
-757866
498718
-119926
29727
-707831
-671730
260943
785548
504779
857134
-647770
-812052
718531
-607339
126057
568703
638152
-638021
-770502
-897668
406008
-737618
-167649
598359
-374241
-593511
-387352
326421
666095
-411218
-55799
-850158
-103275
-289298
899589
-689015
-124296
-398450
-464716
529310
810255
-187269
-958236
-252711
-367603
851653
-902150
993479
-138600
-859972
961520
466566
-293861
979199
435449
370515
443641
-933926
507157
-216216
-361941
44058
14734
-268848
863786
-823667
-78933
-856475
-103975
-856561
855061
-343072
-570705
-912016
-52055
628575
747115
758152
62160
-578367
-324682
137418
-237820
-105047
-760025
-559379
-796136
267798
-942494
217858
-419859
-979623
-465053
620081
-467217
170201
-165488
-974709
501080
-296797
-4266
255245
-844275
-471539
711489
716464
853734
805626
-587006
983124
526289
349586
472286
-972897
-895088
594815
-654531
-344225
783856
-955037
-478715
-19249
-202743
-599866
674753
420706
497400
-831254
844036
428575
-722886
-538732
-889915
-269452
-973363
-433282
-169962
-103429
313590
-161258
-536608
495824
907485
-520519
-283542
947756
811692
-985620
252710
-906574
-874086
381632
91880
483826
-968491
474923
663135
16527
-184091
516314
118454
-209881
289051
265425
833080
-626778
-937712
-433708
-191914
128077
880816
-710022
-287172
-856445
-774471
-925520
-685098
852173
424478
248928
-451994
-444042
267190
-97850
-876164
-101226
591566
-510784
628523
837538
144191
924230
-121312
316900
-909159
-360976
-479101
216563
-44308
532907
-978531
52221
666107
202926
-384945
-407668
-833702
920517
379300
-261907
536562
-409519
-896328
90012
348132
901281
-926542
969793
572008
-216989
908802
935947
605504
-356485
751092
-492259
131674
-667473
291004
-764879
-222617
-494325
-376013
797548
373003
33227
-176893
-568429
687528
272264
789792
-773689
-122048
930211
643580
405400
594507
723766
-188974
-728771
635109
-371220
897645
587173
-261853
-330442
-203567
-794233
-299045
423564
-621141
164925
-540802
-363403
-462810
-886447
226973
189785
-450208
876218
283827
-251853
-145208
-292309
-763380
-955995
-286139
-966600
-626804
650218
-168642
594427
-120879
-981185
-33992
-277354
271331
-64967
172235
-133946
-399518
-351882
45218
483625
-631791
855490
956514
-282394
693097
-527311
-218176
-996766
-208990
-899965
418758
-976568
-253574
-844006
-802709
-620004
-850631
-694592
981188
863590
-519928
-382005
-45219
-667380
-956603
118526
-736805
128297
-581024
-682788
870326
-196017
-762695
413927
164300
784727
-114883
-161764
-652686
-748595
-894701
-421169
-119228
-945995
822804
-689860
483679
209661
-623644
-256068
-7858
787017
-743581
512416
332101
-679904
-813640
-138284
960944
551891
-763072
-51500
-585939
866477
-389751
956400
26763
161200
378955
790033
237606
-656500
848950
195254
-358136
-996284
-182938
296120
842590
-460618
-528711
907071
11375
-443569
451866
49077
707164
-539330
429880
217862
-981955
-77217
918708
970279
-158650
626297
754236
-189586
-679671
806931
-79667
862347
264024
44950
-91774
157111
-701589
-456907
217535
841048
676549
804241
907740
500805
-776771
-102054
-755672
76675
-596697
162272
795126
-617989
-646732
-880756
-827562
-831733
472120
-487237
-273126
710783
-974985
-450894
-319883
536222
-256700
837525
537344
-828563
-4690
564128
859297
-158399
972
-74511
434547
-303376
520156
-816650
877296
187667
988504
-37438
-535015
-356465
-735195
66162
706486
-948457
635811
-768555
-598868
-576908
-72531
-789245
-664754
45879
792684
-647230
-694584
-347228
550719
924881
-494544
234000
-50465
-530160
116450
-163035
937163
-146920
-194167
-112283
150540
-13749
-275204
-94149
-160142
-575040
-708463
43634
817430
463818
333264
-289679
979248
699870
210277
196536
-37758
148903
-652437
810890
525596
85562
666813
-565211
142112
324668
277739
-708333
885627
847093
707359
255986
-323844
541353
-384163
659766
641526
-508228
-727850
-75850
-231054
191120
695885
-720280
-49297
-607803
271436
-205773
-295078
-263471
-922558
-354252
875453
-462221
179229
-230870
647185
320420
-540345
655295
-465867
720042
704388
202203
474088
640398
231464
687938
-383587
877388
861590
-169510
-303359
-618391
-596278
-599011
-623109
-189599
-717846
-250787
-341474
995998
-667009
410385
-315421
785770
948401
439619
302167
-914288
-766033
-907327
125250
-339638
539458
396156
202878
-251221
383844
-806028
-602634
739500
608104
-645319
479396
99430
-398206
-904554
-917116
-603532
-832483
-708685
927903
203635
-85155
-318701
-919651
-191492
890625
-737870
265640
421556
163574
625983
795152
247916
-405745
-652839
-639118
756113
387195
117300
894322
110683
164822
583696
216677
-344502
496790
548349
222703
-959833
7724
112427
304954
-123592
-316364
-415619
131410
-308898
-529087
-636158
-268673
374205
-49152
-628679
733136
558478
742441
468200
-518187
-690713
251116
-957545
-530473
-14544
-423847
-929698
48188
-459211
510243
-330802
463080
724536
666426
864926
-854397
222229
-385074
-283311
-328723
-730720
-249983
48939
916229
200381
-894441
-671390
331484
-457498
-660362
342453
-814877
-965265
-46556
651522
304924
-81512
297597
-993166
-272569
-589117
443706
-324554
-515431
-624823
111774
-4465
-69234
454300
658283
-74083
35407
162747
975725
-766572
652876
-79259
-882737
-893827
263610
935914
-272800
-712602
666006
-863788
-608712
-616586
-396949
322962
-626817
27469
883213
95866
943133
-789017
477252
-66787
262122
-334379
191564
595344
41133
305890
648744
266798
-824784
823314
406093
330089
740142
739027
777186
-347729
-301579
284417
-379134
8083
259939
-17587
666598
123297
651793
-538523
-37730
-361757
-119493
-298165
-191848
-909282
-690060
-329003
570907
135319
-860573
880524
543475
-37208
789331
-866168
692228
465265
-753566
-416736
-785732
-785113
-323227
518198
855225
-837000
656317
277703
-889146
-239059
208284
59420
362526
695550
-466647
-808384
574786
251869
411517
615322
-827362
-472861
-353154
-551773
-936426
217693
315129
-530280
804041
80252
349740
924863
-138239
565847
564953
908751
518703
38609
902783
145963
895966
-373498
-672763
347335
-996830
68336
-267407
-638831
-608959
-452739
-693529
-632947
-950111
-498761
846265
-956103
128996
763513
514152
-624019
-592426
618868
646570
71645
184226
-387335
112002
-718169
183662
-518954
-695776
6008
974041
806056
746143
-10363
367314
106360
260797
149043
-116815
-386016
771946
-610409
397999
-136197
-865504
998073
-471399
958132
-469232
495228
-372637
-665823
-395215
-154707
-51458
961906
925356
299926
25180
-630915
755716
-563534
-458305
283937
-110434
891869
-760010
-702437
930462
-754499
799191
705748
-779615
536914
-340013
-678697
-436061
76734
487438
-73535
675479
-124499
-582376
409291
708928
897706
506048
-509963
484570
-285688
483988
486597
455666
843742
-292913
-785214
368003
484691
501567
369847
-819001
-167874
907901
-675325
-416412
519820
357713
-836572
-743942
-735108
514870
977030
472042
-729868
-896334
68923
406570
-866395
-106392
-389191
-599927
-477585
39869
980858
-965525
809840
-391160
333083
455724
958503
-84535
-508960
-623552
-431587
161485
-894947
960644
-969809
-541773
-351415
-916621
138785
-818298
-385131
774038
473096
-350778
-432448
710110
820825
-262393
558207
-860006
181627
-5224
86004
-590139
-277801
-417278
-516188
670482
545203
-799403
163607
-790838
-405164
-279972
-645641
-618873
945550
706607
-597820
941943
198166
-95510
222988
-784974
-177298
199184
-536178
-196761
-550133
838071
-516309
143944
-537202
543506
673668
-450554
-631524
702939
-288235
409871
-899155
-99748
-684142
517483
544727
747573
204724
-158793
312634
426502
227689
296121
-32418
-455945
509287
-984086
281324
680315
33849
-964814
818353
-256804
893101
31469
360348
-836836
544648
385129
523149
668297
-767978
-221932
-485215
947021
-977397
244602
-961315
-121098
-69528
884599
127862
-444687
990522
-423609
-139077
285313
413768
612227
-438869
-847112
-357902
307033
334632
758905
178794
70048
144571
-17391
-966061
292692
-797126
534998
223193
458306
80268
636695
-133046
-347513
-126323
-698128
-602793
355300
-895026
-250233
625877
676888
-883908
-708330
-223091
831498
-181110
-778345
-763931
323324
-46854
-261138
-838338
73688
285160
772020
412804
-91924
-709269
-687286
93088
-418206
357332
-49385
-417900
-680463
545329
399258
-496029
-980027
-10846
-750563
579616
-881554
363037
-846810
-638488
580096
-597452
-294570
-290135
-155946
46465
-651921
556467
-332375
533069
480620
-572878
-578714
-386888
247884
-872157
481625
-228125
-264036
-175095
970169
-840788
-776142
-511381
-295188
613754
-225987
-434093
-683856
473960
876138
-574414
-550665
-675213
700553
820849
-5061
830077
111024
-849795
645567
-773657
50755
762417
416445
975610
-503849
892313
862148
-427110
225432
-799894
-719651
-167560
898078
-571281
-590760
90135
496756
332245
-372663
963607
-186453
973325
302158
746676
860666
940638
-188115
741981
381423
666567
-993924
315095
-204964
214751
-321795
448351
-267556
-921181
-777194
33080
-725477
-629846
922938
-167476
-579467
-677228
85019
384104
143394
-937142
-945725
132883
-519702
-723282
987876
465586
-703591
280987
843587
544166
-126072
-95639
-543579
-277575
315386
338154
-765131
995650
-902887
732903
202463
-494791
-835863
228377
-934735
748372
480494
445927
-863699
-516984
534969
1518
-419190
489989
355003
60684
-123315
726468
-238733
-44502
-134544
918876
367261
-394883
-470858
539656
-801610
-674529
423579
716623
-856549
887298
420071
-867656
935155
910353
966999
-503809
-426875
912853
261078
-843189
152900
975569
-257656
985059
-834788
924348
-76619
164266
-135647
872434
307853
724039
-489234
-329230
401079
-828188
-326800
511748
602515
-213686
-467287
-926380
-502079
860208
-592902
513294
-488354
789114
-334790
280521
-505655
-833756
-567926
-891772
659278
-264469
825119
143368
699285
-880771
29367
544364
181875
848564
-635300
-550427
-91977
-600619
866079
-287619
251528
877370
-136206
451952
649939
281645
863508
-210384
-125632
848252
-600851
299137
649795
-92994
904870
63514
750
191070
-459747
-417301
-624523
-83696
-414754
-744354
552097
-39168
-772659
-164845
332545
-403900
-355479
192205
-96397
-861041
932834
56298
156618
-453414
-217728
87122
-485099
632681
50082
-122351
564762
-299485
583163
490168
708268
-584595
-189000
811199
457377
-937195
654725
438667
29343
-664089
-374497
-109476
-401798
-126425
491065
-422792
942253
-281876
321875
284915
471600
-601055
-586081
41998
646394
397771
230208
-96875
-848520
843353
-954421
296146
-98946
-550062
979648
-957451
338912
109269
297864
889559
-278905
538228
-656700
-425
655965
941064
261510
817533
493965
-432609
162436
-472700
167355
899717
-343190
969903
487611
-254973
165201
-769047
-580327
-352692
-590285
-805838
-728108
857441
-804628
383923
-298736
-552662
176522
761145
142699
607636
96570
89832
828607
-382708
712079
860015
-93177
-477440
553657
680819
-826494
474310
98323
-126625
-740919
316534
-385437
-498437
-756978
-304375
395300
-676497
-424313
-394364
-866605
268464
914181
129561
-454776
-900186
823116
269982
888320
920161
882434
-797794
631968
490843
-131179
455967
-903868
-555304
376900
842501
-820104
699963
410428
-648581
-354053
-612632
-450249
-806509
548947
580315
-511512
-290105
217656
428549
501622
33315
360251
-317343
394103
-155840
319267
-265496
-226373
-268064
940024
-292697
374439
769558
188416
-391889
784051
-60225
-214804
438459
-75497
-258089
-555185
-604356
397747
471930
-756373
185706
-75249
-383736
706246
212526
-579044
378768
-342951
-552331
-725968
256336
-986377
928111
643281
337117
-245250
692238
43298
-187890
-194140
-488565
-326353
-759368
-998018
-126822
-348673
-298867
-129707
-526081
632101
309856
697198
-726235
-857354
543916
-155880
-315678
162271
802599
778347
161485
607294
-646143
945600
107345
-882989
941743
59213
-674864
831979
-508350
103494
-892697
195940
-937701
360357
-139109
-775085
-776324
240639
-71733
970228
760433
-666738
826789
786937
885955
428561
-603957
-310575
-788006
-695965
451099
-346722
635468
883723
784353
-202380
974267
-514938
810973
981649
-444106
-524613
-749121
765106
772725
-629668
-982541
844147
148856
-874811
676825
468638
987292
-362262
393742
-979900
-503495
-520114
388702
-788947
426252
-235764
-789964
731410
883927
659168
-112538
804931
-871746
-937678
-316382
-353300
-23536
-810339
402886
-969236
-173680
-714283
923540
-349768
420635
-741128
662936
311393
6089
73020
437006
376670
-966450
566619
-418710
69617
866204
782527
419057
71441
394327
65286
-258237
971976
-733070
-794280
-830940
925606
-384190
538148
346261
-832978
76774
85722
219438
645519
-842132
575400
143892
674093
916035
-516363
-971053
-742399
-223202
-27632
579967
427419
-648708
-734326
-831844
-461507
-968450
738081
-168799
-762063
-56471
-601137
-716951
46455
-74267
-78121
-383954
-28406
815521
590951
-607794
-268555
-272531
665569
615553
-700332
-164193
-431181
-556538
815096
555441
922744
-716352
251157
-577229
-709256
-362961
768585
107235
523717
-129546
-889527
382791
-626456
-18968
-212206
942406
-696073
9831
-143844
564245
-823695
645784
-213198
887945
-423458
-378537
-294508
-777381
783201
-810633
-466313
-755140
648801
245901
450120
-612503
-491595
501608
-55971
397529
-78149
-449810
-854831
977445
-342346
-888155
265555
-681507
-770088
-450321
-250743
-147081
-569202
-14290
-705197
530572
914647
68275
536457
911951
-836252
871641
920750
-214450
-8196
-853591
-990585
879283
296163
78423
535020
-458021
684878
344217
891949
-769121
-270642
641415
695525
-549301
-743642
-50740
666047
868041
930996
698060
-468520
-909885
117677
679911
504547
-948959
-713321
602080
532665
461773
738627
878258
404277
-437530
-793507
821338
609552
597376
-932880
-302784
711848
-710725
547672
38864
491681
376654
401654
153549
-697809
72803
145164
387998
318410
-581054
-903183
855914
50447
-740976
915227
-484906
412459
-154960
299986
-590751
-232811
-311591
-96517
352778
302000
-674165
892590
304124
-706823
335928
777784
158437
-111823
-975716
43562
-850645
556303
774521
-552013
44945
433815
243700
-49561
-705033
-707785
369743
172568
446464
326484
-446171
-686251
-199485
-863398
605253
-515266
-168316
288243
395369
-239152
-240539
-907414
-741765
230489
-375233
-656820
665672
-502344
-254743
193587
794508
-145750
93609
-726371
-273944
-157266
-230354
479196
281732
-989683
138321
87063
-478060
278554
433002
-521520
-547650
137044
-100886
-754884
-316344
-230799
234651
-105583
-502752
984582
875119
-569265
-272017
223672
985918
179052
723614
5936
677492
363920
-560372
559061
-571110
30016
751326
848489
552803
-803279
740004
-984419
-803121
-943845
847726
-789487
482327
466967
496192
-730716
-805493
-321483
459694
450166
226751
-840098
288439
259447
-853246
169281
948521
-776257
-353980
-983103
-652353
712734
364395
627424
-190992
-635777
354086
903369
989428
-485974
-665270
70362
-343862
-802817
-896288
-745036
776882
-798393
-629420
957595
265335
665543
-603545
-567702
811932
-5149
904992
753760
-633989
360768
527625
-668360
765289
794960
-430361
384683
-174778
-535703
-357544
736167
-60230
769893
603405
891048
-572497
-368575
-68823
-852066
712861
-387402
975982
-860292
-433656
44595
293253
-567744
-225706
-16512
592625
515582
-397054
-91685
142567
-956739
138167
485316
651650
-249386
-613503
-718508
414855
669784
672316
950441
748614
-164203
972629
878910
-799682
-397233
357545
270770
378779
-396643
746481
441133
527254
-784361
-998972
101861
-430239
293445
-703166
673279
758258
196075
-492028
-711656
-482166
425358
945629
-971234
518952
-743752
-142527
977172
407859
-687331
-223968
-307098
877141
-686032
-246086
-737121
764958
-101941
-386674
197499
-766429
595598
141410
129539
188940
711628
-368662
-597233
-256550
57888
-743890
-581378
-730902
-329694
-908663
236220
-239358
-978407
512935
-670518
-465097
81008
-487313
452107
-557387
-442631
-493646
419360
-467507
52849
-851732
-987916
978081
286315
-721715
-596476
778187
183549
-394097
-250517
147222
-94685
-519578
388324
329042
431349
257963
-300483
434047
926635
-653678
-91088
192828
722681
-87288
429373
310627
513206
723073
-702425
579075
-146597
-721183
-339695
223291
-59287
183669
-134516
-925977
693822
946004
525351
344759
-62190
-258958
-612263
-873833
404887
926190
-627646
-551799
847852
-183422
-102681
-390593
39134
-825034
386544
547684
134974
295076
-567644
632335
33610
931660
952735
-70938
157944
665490
-928327
459419
-765912
-821666
-12229
83289
-711339
-325121
962187
-636947
-55357
-948341
689333
260982
-808787
135479
-323640
-799462
-742508
740350
-830336
282597
-119030
994539
-962803
-985413
68317
913405
-783047
-589944
552126
-268238
-604677
-941503
736624
-763221
874474
-277123
-279541
618377
-875893
-748092
-245164
755795
-404804
-67013
-235913
632609
355909
893865
-212855
672205
209100
524746
-279020
496815
42297
782694
-680257
-364615
215718
188153
-89941
865068
-416728
-202847
780588
26269
-701365
613913
-987213
-513272
-90693
856746
916924
355117
533725
-383917
-385518
221261
-779549
-78863
139864
452005
918494
587458
-669102
-875544
709272
-902662
332122
567802
-651856
-677127
-590149
-93619
-87378
-972222
544892
-187629
-462483
-746464
-56980
640824
25484
-490291
-464613
-438573
-184970
583543
243093
-783161
-101277
-44644
749198
-393551
-258302
368076
213915
-245630
328602
-884190
-658296
608944
376326
517397
819877
640350
-597516
-655758
246874
307222
-543662
-230281
407608
-347823
704579
-241569
-703723
-320041
-973434
-945470
-941394
484800
435250
-535057
656814
-752444
121203
-254975
-975245
-747239
339004
-92889
217371
674109
59251
737145
-630576
594877
52811
280779
-15920
-196867
284709
171336
-67881
741238
448836
552840
96655
707341
597642
572258
192597
259744
-911670
-531063
-317703
253066
470087
-596534
-531703
443380
-12783
-125073
803183
29149
-893546
-900394
208864
557840
975229
-766078
876657
-969322
763451
-856663
-865242
-24216
370436
-182760
-148560
-367805
-134372
-625329
-778888
549861
-456918
-652865
660593
493560
797959
-559346
484019
-563789
719662
-623726
8756
197854
944325
-733585
224217
184458
-613468
342067
-982769
116770
-975893
-441110
-904115
946556
41350
42214
315683
317486
-774592
438829
-483912
828857
682501
-420113
-741888
479599
858123
448507
-976252
996494
288008
40236